[ 5946.671081] [Project1] 2551 1587994591.2786990 1587994591.683969310
[ 5952.662207] [Project1] 2553 1587994597.6614611 1587994597.675015731
[ 5958.756761] [Project1] 2554 1587994603.6910608 1587994603.769483957
[ 5964.739322] [Project1] 2557 1587994609.8573832 1587994609.751969739
[ 5970.746547] [Project1] 2558 1587994615.5309255 1587994615.759109857
[ 5976.725478] [Project1] 2559 1587994621.7682853 1587994621.737964158
[ 5982.724114] [Project1] 2560 1587994627.5779396 1587994627.736525829
[ 5988.780944] [Project1] 2561 1587994633.7567542 1587994633.793267388
[ 5994.771470] [Project1] 2562 1587994639.3924030 1587994639.783717719
[ 6000.752741] [Project1] 2563 1587994645.3698136 1587994645.764902469
